# board=.../Downloads/test.pcb.bot.etch.tap
# tool size=0.007000
# pass=1
# preview window width=800 height=600
-0.07246, 0.28308,-0.07373, 0.28181
-0.07373, 0.28181,-0.07538, 0.28113
-0.07538, 0.28113,-0.15591, 0.28113
-0.15591, 0.28113,-0.15757, 0.28181
-0.15757, 0.28181,-0.15883, 0.28308
-0.15883, 0.28308,-0.15952, 0.28473
-0.15952, 0.28473,-0.15952, 0.30278
-0.15952, 0.30278,-0.17562, 0.30278
-0.17562, 0.30278,-0.17562, 0.26489
-0.17562, 0.26489,-0.17713, 0.25924
-0.17713, 0.25924,-0.18006, 0.25417
-0.18006, 0.25417,-0.19787, 0.23636
-0.19787, 0.23636,-0.20201, 0.23222
-0.20201, 0.23222,-0.20707, 0.22930
-0.20707, 0.22930,-0.21272, 0.22778
-0.21272, 0.22778,-0.63624, 0.22778
-0.63624, 0.22778,-0.63624, 0.22778
-0.63624, 0.22778,-0.63920, 0.22778
-0.63920, 0.22778,-0.64209, 0.22778
-0.64209, 0.22778,-0.64209, 0.22778
-0.64209, 0.22778,-0.64209, 0.22778
-0.64209, 0.22778,-0.64407, 0.22832
-0.64407, 0.22832,-0.64774, 0.22930
-0.64774, 0.22930,-0.64774, 0.22930
-0.64774, 0.22930,-0.64774, 0.22930
-0.64774, 0.22930,-0.64986, 0.23052
-0.64986, 0.23052,-0.65281, 0.23222
-0.65281, 0.23222,-0.65281, 0.23222
-0.65281, 0.23222,-0.65284, 0.23226
-0.65284, 0.23226,-0.65694, 0.23636
-0.65694, 0.23636,-0.65694, 0.23636
-0.65694, 0.23636,-0.71491, 0.29432
-0.71491, 0.29432,-0.72313, 0.28610
-0.72313, 0.28610,-0.72286, 0.28527
-0.72286, 0.28527,-0.72178, 0.27845
-0.72178, 0.27845,-0.72178, 0.27155
-0.72178, 0.27155,-0.72286, 0.26473
-0.72286, 0.26473,-0.72499, 0.25816
-0.72499, 0.25816,-0.72813, 0.25201
-0.72813, 0.25201,-0.73219, 0.24642
-0.73219, 0.24642,-0.73707, 0.24154
-0.73707, 0.24154,-0.74266, 0.23748
-0.74266, 0.23748,-0.74881, 0.23434
-0.74881, 0.23434,-0.75538, 0.23221
-0.75538, 0.23221,-0.76220, 0.23113
-0.76220, 0.23113,-0.76910, 0.23113
-0.76910, 0.23113,-0.77592, 0.23221
-0.77592, 0.23221,-0.78249, 0.23434
-0.78249, 0.23434,-0.78864, 0.23748
-0.78864, 0.23748,-0.79423, 0.24154
-0.79423, 0.24154,-0.79911, 0.24642
-0.79911, 0.24642,-0.80317, 0.25201
-0.80317, 0.25201,-0.80631, 0.25816
-0.80631, 0.25816,-0.80844, 0.26473
-0.80844, 0.26473,-0.80952, 0.27155
-0.80952, 0.27155,-0.80952, 0.27845
-0.80952, 0.27845,-0.80844, 0.28527
-0.80844, 0.28527,-0.80631, 0.29184
-0.80631, 0.29184,-0.80317, 0.29799
-0.80317, 0.29799,-0.79911, 0.30358
-0.79911, 0.30358,-0.79423, 0.30846
-0.79423, 0.30846,-0.78864, 0.31252
-0.78864, 0.31252,-0.78249, 0.31566
-0.78249, 0.31566,-0.77592, 0.31779
-0.77592, 0.31779,-0.76910, 0.31887
-0.76910, 0.31887,-0.76220, 0.31887
-0.76220, 0.31887,-0.75538, 0.31779
-0.75538, 0.31779,-0.75455, 0.31752
-0.75455, 0.31752,-0.73268, 0.33939
-0.73268, 0.33939,-0.73268, 0.33939
-0.73268, 0.33939,-0.73242, 0.33964
-0.73242, 0.33964,-0.72855, 0.34352
-0.72855, 0.34352,-0.67929, 0.39278
-0.67929, 0.39278,-0.67422, 0.39570
-0.67422, 0.39570,-0.66857, 0.39722
-0.66857, 0.39722,-0.60357, 0.39722
-0.60357, 0.39722,-0.60317, 0.39799
-0.60317, 0.39799,-0.59911, 0.40358
-0.59911, 0.40358,-0.59423, 0.40846
-0.59423, 0.40846,-0.58864, 0.41252
-0.58864, 0.41252,-0.58249, 0.41566
-0.58249, 0.41566,-0.57592, 0.41779
-0.57592, 0.41779,-0.56910, 0.41887
-0.56910, 0.41887,-0.56220, 0.41887
-0.56220, 0.41887,-0.55538, 0.41779
-0.55538, 0.41779,-0.54881, 0.41566
-0.54881, 0.41566,-0.54266, 0.41252
-0.54266, 0.41252,-0.53707, 0.40846
-0.53707, 0.40846,-0.53219, 0.40358
-0.53219, 0.40358,-0.52813, 0.39799
-0.52813, 0.39799,-0.52499, 0.39184
-0.52499, 0.39184,-0.52286, 0.38527
-0.52286, 0.38527,-0.52178, 0.37845
-0.52178, 0.37845,-0.52178, 0.37155
-0.52178, 0.37155,-0.52286, 0.36473
-0.52286, 0.36473,-0.52499, 0.35816
-0.52499, 0.35816,-0.52813, 0.35201
-0.52813, 0.35201,-0.53219, 0.34642
-0.53219, 0.34642,-0.53707, 0.34154
-0.53707, 0.34154,-0.54266, 0.33748
-0.54266, 0.33748,-0.54881, 0.33434
-0.54881, 0.33434,-0.55538, 0.33221
-0.55538, 0.33221,-0.56220, 0.33113
-0.56220, 0.33113,-0.56910, 0.33113
-0.56910, 0.33113,-0.57592, 0.33221
-0.57592, 0.33221,-0.58249, 0.33434
-0.58249, 0.33434,-0.58864, 0.33748
-0.58864, 0.33748,-0.59423, 0.34154
-0.59423, 0.34154,-0.59911, 0.34642
-0.59911, 0.34642,-0.60317, 0.35201
-0.60317, 0.35201,-0.60357, 0.35278
-0.60357, 0.35278,-0.65645, 0.35278
-0.65645, 0.35278,-0.68349, 0.32574
-0.68349, 0.32574,-0.62996, 0.27222
-0.62996, 0.27222,-0.22485, 0.27222
-0.22485, 0.27222,-0.22005, 0.27702
-0.22005, 0.27702,-0.22005, 0.30318
-0.22005, 0.30318,-0.22422, 0.30430
-0.22422, 0.30430,-0.22929, 0.30722
-0.22929, 0.30722,-0.25455, 0.33248
-0.25455, 0.33248,-0.25538, 0.33221
-0.25538, 0.33221,-0.26220, 0.33113
-0.26220, 0.33113,-0.26910, 0.33113
-0.26910, 0.33113,-0.27592, 0.33221
-0.27592, 0.33221,-0.28249, 0.33434
-0.28249, 0.33434,-0.28864, 0.33748
-0.28864, 0.33748,-0.29423, 0.34154
-0.29423, 0.34154,-0.29911, 0.34642
-0.29911, 0.34642,-0.30317, 0.35201
-0.30317, 0.35201,-0.30631, 0.35816
-0.30631, 0.35816,-0.30844, 0.36473
-0.30844, 0.36473,-0.30952, 0.37155
-0.30952, 0.37155,-0.30952, 0.37845
-0.30952, 0.37845,-0.30844, 0.38527
-0.30844, 0.38527,-0.30631, 0.39184
-0.30631, 0.39184,-0.30317, 0.39799
-0.30317, 0.39799,-0.29911, 0.40358
-0.29911, 0.40358,-0.29423, 0.40846
-0.29423, 0.40846,-0.28864, 0.41252
-0.28864, 0.41252,-0.28249, 0.41566
-0.28249, 0.41566,-0.27592, 0.41779
-0.27592, 0.41779,-0.26910, 0.41887
-0.26910, 0.41887,-0.26220, 0.41887
-0.26220, 0.41887,-0.25538, 0.41779
-0.25538, 0.41779,-0.24881, 0.41566
-0.24881, 0.41566,-0.24266, 0.41252
-0.24266, 0.41252,-0.23707, 0.40846
-0.23707, 0.40846,-0.23219, 0.40358
-0.23219, 0.40358,-0.22813, 0.39799
-0.22813, 0.39799,-0.22499, 0.39184
-0.22499, 0.39184,-0.22286, 0.38527
-0.22286, 0.38527,-0.22178, 0.37845
-0.22178, 0.37845,-0.22178, 0.37155
-0.22178, 0.37155,-0.22286, 0.36473
-0.22286, 0.36473,-0.22313, 0.36390
-0.22313, 0.36390,-0.20645, 0.34722
-0.20645, 0.34722,-0.15952, 0.34722
-0.15952, 0.34722,-0.15952, 0.36527
-0.15952, 0.36527,-0.15883, 0.36692
-0.15883, 0.36692,-0.15757, 0.36818
-0.15757, 0.36818,-0.15591, 0.36887
-0.15591, 0.36887,-0.07538, 0.36887
-0.07538, 0.36887,-0.07373, 0.36818
-0.07373, 0.36818,-0.07246, 0.36692
-0.07246, 0.36692,-0.07178, 0.36527
-0.07178, 0.36527,-0.07178, 0.28473
-0.07178, 0.28473,-0.07246, 0.28308
-0.08219, 0.39642,-0.08707, 0.39154
-0.08707, 0.39154,-0.09266, 0.38748
-0.09266, 0.38748,-0.09881, 0.38434
-0.09881, 0.38434,-0.10538, 0.38221
-0.10538, 0.38221,-0.11220, 0.38113
-0.11220, 0.38113,-0.11910, 0.38113
-0.11910, 0.38113,-0.12592, 0.38221
-0.12592, 0.38221,-0.13249, 0.38434
-0.13249, 0.38434,-0.13864, 0.38748
-0.13864, 0.38748,-0.14423, 0.39154
-0.14423, 0.39154,-0.14911, 0.39642
-0.14911, 0.39642,-0.15317, 0.40201
-0.15317, 0.40201,-0.15631, 0.40816
-0.15631, 0.40816,-0.15844, 0.41473
-0.15844, 0.41473,-0.15952, 0.42155
-0.15952, 0.42155,-0.15952, 0.42845
-0.15952, 0.42845,-0.15844, 0.43527
-0.15844, 0.43527,-0.15631, 0.44184
-0.15631, 0.44184,-0.15317, 0.44799
-0.15317, 0.44799,-0.14911, 0.45358
-0.14911, 0.45358,-0.14423, 0.45846
-0.14423, 0.45846,-0.13864, 0.46252
-0.13864, 0.46252,-0.13249, 0.46566
-0.13249, 0.46566,-0.12592, 0.46779
-0.12592, 0.46779,-0.11910, 0.46887
-0.11910, 0.46887,-0.11220, 0.46887
-0.11220, 0.46887,-0.10538, 0.46779
-0.10538, 0.46779,-0.09881, 0.46566
-0.09881, 0.46566,-0.09266, 0.46252
-0.09266, 0.46252,-0.08707, 0.45846
-0.08707, 0.45846,-0.08219, 0.45358
-0.08219, 0.45358,-0.07813, 0.44799
-0.07813, 0.44799,-0.07499, 0.44184
-0.07499, 0.44184,-0.07286, 0.43527
-0.07286, 0.43527,-0.07178, 0.42845
-0.07178, 0.42845,-0.07178, 0.42155
-0.07178, 0.42155,-0.07286, 0.41473
-0.07286, 0.41473,-0.07499, 0.40816
-0.07499, 0.40816,-0.07813, 0.40201
-0.07813, 0.40201,-0.08219, 0.39642
-0.08219, 0.49642,-0.08707, 0.49154
-0.08707, 0.49154,-0.09266, 0.48748
-0.09266, 0.48748,-0.09881, 0.48434
-0.09881, 0.48434,-0.10538, 0.48221
-0.10538, 0.48221,-0.11220, 0.48113
-0.11220, 0.48113,-0.11910, 0.48113
-0.11910, 0.48113,-0.12592, 0.48221
-0.12592, 0.48221,-0.12675, 0.48248
-0.12675, 0.48248,-0.15201, 0.45722
-0.15201, 0.45722,-0.15707, 0.45430
-0.15707, 0.45430,-0.16272, 0.45278
-0.16272, 0.45278,-0.22178, 0.45278
-0.22178, 0.45278,-0.22178, 0.43473
-0.22178, 0.43473,-0.22246, 0.43308
-0.22246, 0.43308,-0.22373, 0.43181
-0.22373, 0.43181,-0.22538, 0.43113
-0.22538, 0.43113,-0.30591, 0.43113
-0.30591, 0.43113,-0.30757, 0.43181
-0.30757, 0.43181,-0.30883, 0.43308
-0.30883, 0.43308,-0.30952, 0.43473
-0.30952, 0.43473,-0.30952, 0.51527
-0.30952, 0.51527,-0.30883, 0.51692
-0.30883, 0.51692,-0.30757, 0.51818
-0.30757, 0.51818,-0.30591, 0.51887
-0.30591, 0.51887,-0.22538, 0.51887
-0.22538, 0.51887,-0.22373, 0.51818
-0.22373, 0.51818,-0.22246, 0.51692
-0.22246, 0.51692,-0.22178, 0.51527
-0.22178, 0.51527,-0.22178, 0.49722
-0.22178, 0.49722,-0.17485, 0.49722
-0.17485, 0.49722,-0.15817, 0.51390
-0.15817, 0.51390,-0.15844, 0.51473
-0.15844, 0.51473,-0.15952, 0.52155
-0.15952, 0.52155,-0.15952, 0.52845
-0.15952, 0.52845,-0.15844, 0.53527
-0.15844, 0.53527,-0.15631, 0.54184
-0.15631, 0.54184,-0.15317, 0.54799
-0.15317, 0.54799,-0.14911, 0.55358
-0.14911, 0.55358,-0.14423, 0.55846
-0.14423, 0.55846,-0.13864, 0.56252
-0.13864, 0.56252,-0.13249, 0.56566
-0.13249, 0.56566,-0.12592, 0.56779
-0.12592, 0.56779,-0.11910, 0.56887
-0.11910, 0.56887,-0.11220, 0.56887
-0.11220, 0.56887,-0.10538, 0.56779
-0.10538, 0.56779,-0.09881, 0.56566
-0.09881, 0.56566,-0.09266, 0.56252
-0.09266, 0.56252,-0.08707, 0.55846
-0.08707, 0.55846,-0.08219, 0.55358
-0.08219, 0.55358,-0.07813, 0.54799
-0.07813, 0.54799,-0.07499, 0.54184
-0.07499, 0.54184,-0.07286, 0.53527
-0.07286, 0.53527,-0.07178, 0.52845
-0.07178, 0.52845,-0.07178, 0.52155
-0.07178, 0.52155,-0.07286, 0.51473
-0.07286, 0.51473,-0.07499, 0.50816
-0.07499, 0.50816,-0.07813, 0.50201
-0.07813, 0.50201,-0.08219, 0.49642
-0.08219, 0.59642,-0.08707, 0.59154
-0.08707, 0.59154,-0.09266, 0.58748
-0.09266, 0.58748,-0.09881, 0.58434
-0.09881, 0.58434,-0.10538, 0.58221
-0.10538, 0.58221,-0.11220, 0.58113
-0.11220, 0.58113,-0.11910, 0.58113
-0.11910, 0.58113,-0.12592, 0.58221
-0.12592, 0.58221,-0.13249, 0.58434
-0.13249, 0.58434,-0.13864, 0.58748
-0.13864, 0.58748,-0.14423, 0.59154
-0.14423, 0.59154,-0.14911, 0.59642
-0.14911, 0.59642,-0.15317, 0.60201
-0.15317, 0.60201,-0.15357, 0.60278
-0.15357, 0.60278,-0.31857, 0.60278
-0.31857, 0.60278,-0.32422, 0.60430
-0.32422, 0.60430,-0.32929, 0.60722
-0.32929, 0.60722,-0.35455, 0.63248
-0.35455, 0.63248,-0.35538, 0.63221
-0.35538, 0.63221,-0.36220, 0.63113
-0.36220, 0.63113,-0.36910, 0.63113
-0.36910, 0.63113,-0.37592, 0.63221
-0.37592, 0.63221,-0.38249, 0.63434
-0.38249, 0.63434,-0.38864, 0.63748
-0.38864, 0.63748,-0.39423, 0.64154
-0.39423, 0.64154,-0.39911, 0.64642
-0.39911, 0.64642,-0.40317, 0.65201
-0.40317, 0.65201,-0.40631, 0.65816
-0.40631, 0.65816,-0.40844, 0.66473
-0.40844, 0.66473,-0.40952, 0.67155
-0.40952, 0.67155,-0.40952, 0.67845
-0.40952, 0.67845,-0.40844, 0.68527
-0.40844, 0.68527,-0.40631, 0.69184
-0.40631, 0.69184,-0.40317, 0.69799
-0.40317, 0.69799,-0.39911, 0.70358
-0.39911, 0.70358,-0.39423, 0.70846
-0.39423, 0.70846,-0.38864, 0.71252
-0.38864, 0.71252,-0.38249, 0.71566
-0.38249, 0.71566,-0.37592, 0.71779
-0.37592, 0.71779,-0.36910, 0.71887
-0.36910, 0.71887,-0.36220, 0.71887
-0.36220, 0.71887,-0.35538, 0.71779
-0.35538, 0.71779,-0.34881, 0.71566
-0.34881, 0.71566,-0.34266, 0.71252
-0.34266, 0.71252,-0.33707, 0.70846
-0.33707, 0.70846,-0.33219, 0.70358
-0.33219, 0.70358,-0.32813, 0.69799
-0.32813, 0.69799,-0.32499, 0.69184
-0.32499, 0.69184,-0.32286, 0.68527
-0.32286, 0.68527,-0.32178, 0.67845
-0.32178, 0.67845,-0.32178, 0.67155
-0.32178, 0.67155,-0.32286, 0.66473
-0.32286, 0.66473,-0.32313, 0.66390
-0.32313, 0.66390,-0.30645, 0.64722
-0.30645, 0.64722,-0.15357, 0.64722
-0.15357, 0.64722,-0.15317, 0.64799
-0.15317, 0.64799,-0.14911, 0.65358
-0.14911, 0.65358,-0.14423, 0.65846
-0.14423, 0.65846,-0.13864, 0.66252
-0.13864, 0.66252,-0.13249, 0.66566
-0.13249, 0.66566,-0.12592, 0.66779
-0.12592, 0.66779,-0.11910, 0.66887
-0.11910, 0.66887,-0.11220, 0.66887
-0.11220, 0.66887,-0.10538, 0.66779
-0.10538, 0.66779,-0.09881, 0.66566
-0.09881, 0.66566,-0.09266, 0.66252
-0.09266, 0.66252,-0.08707, 0.65846
-0.08707, 0.65846,-0.08219, 0.65358
-0.08219, 0.65358,-0.07813, 0.64799
-0.07813, 0.64799,-0.07499, 0.64184
-0.07499, 0.64184,-0.07286, 0.63527
-0.07286, 0.63527,-0.07178, 0.62845
-0.07178, 0.62845,-0.07178, 0.62155
-0.07178, 0.62155,-0.07286, 0.61473
-0.07286, 0.61473,-0.07499, 0.60816
-0.07499, 0.60816,-0.07813, 0.60201
-0.07813, 0.60201,-0.08219, 0.59642
-0.53707, 0.50846,-0.53219, 0.50358
-0.53219, 0.50358,-0.52813, 0.49799
-0.52813, 0.49799,-0.52499, 0.49184
-0.52499, 0.49184,-0.52286, 0.48527
-0.52286, 0.48527,-0.52178, 0.47845
-0.52178, 0.47845,-0.52178, 0.47155
-0.52178, 0.47155,-0.52286, 0.46473
-0.52286, 0.46473,-0.52499, 0.45816
-0.52499, 0.45816,-0.52813, 0.45201
-0.52813, 0.45201,-0.53219, 0.44642
-0.53219, 0.44642,-0.53707, 0.44154
-0.53707, 0.44154,-0.54266, 0.43748
-0.54266, 0.43748,-0.54881, 0.43434
-0.54881, 0.43434,-0.55538, 0.43221
-0.55538, 0.43221,-0.56220, 0.43113
-0.56220, 0.43113,-0.56910, 0.43113
-0.56910, 0.43113,-0.57592, 0.43221
-0.57592, 0.43221,-0.58249, 0.43434
-0.58249, 0.43434,-0.58864, 0.43748
-0.58864, 0.43748,-0.59423, 0.44154
-0.59423, 0.44154,-0.59911, 0.44642
-0.59911, 0.44642,-0.60317, 0.45201
-0.60317, 0.45201,-0.60631, 0.45816
-0.60631, 0.45816,-0.60844, 0.46473
-0.60844, 0.46473,-0.60952, 0.47155
-0.60952, 0.47155,-0.60952, 0.47845
-0.60952, 0.47845,-0.60844, 0.48527
-0.60844, 0.48527,-0.60817, 0.48610
-0.60817, 0.48610,-0.71565, 0.59358
-0.71565, 0.59358,-0.72313, 0.58610
-0.72313, 0.58610,-0.72286, 0.58527
-0.72286, 0.58527,-0.72178, 0.57845
-0.72178, 0.57845,-0.72178, 0.57155
-0.72178, 0.57155,-0.72286, 0.56473
-0.72286, 0.56473,-0.72499, 0.55816
-0.72499, 0.55816,-0.72813, 0.55201
-0.72813, 0.55201,-0.73219, 0.54642
-0.73219, 0.54642,-0.73707, 0.54154
-0.73707, 0.54154,-0.74266, 0.53748
-0.74266, 0.53748,-0.74881, 0.53434
-0.74881, 0.53434,-0.75538, 0.53221
-0.75538, 0.53221,-0.76220, 0.53113
-0.76220, 0.53113,-0.76910, 0.53113
-0.76910, 0.53113,-0.77592, 0.53221
-0.77592, 0.53221,-0.78249, 0.53434
-0.78249, 0.53434,-0.78864, 0.53748
-0.78864, 0.53748,-0.79423, 0.54154
-0.79423, 0.54154,-0.79911, 0.54642
-0.79911, 0.54642,-0.80317, 0.55201
-0.80317, 0.55201,-0.80631, 0.55816
-0.80631, 0.55816,-0.80844, 0.56473
-0.80844, 0.56473,-0.80952, 0.57155
-0.80952, 0.57155,-0.80952, 0.57845
-0.80952, 0.57845,-0.80844, 0.58527
-0.80844, 0.58527,-0.80631, 0.59184
-0.80631, 0.59184,-0.80317, 0.59799
-0.80317, 0.59799,-0.79911, 0.60358
-0.79911, 0.60358,-0.79423, 0.60846
-0.79423, 0.60846,-0.78864, 0.61252
-0.78864, 0.61252,-0.78249, 0.61566
-0.78249, 0.61566,-0.77592, 0.61779
-0.77592, 0.61779,-0.76910, 0.61887
-0.76910, 0.61887,-0.76220, 0.61887
-0.76220, 0.61887,-0.75538, 0.61779
-0.75538, 0.61779,-0.75455, 0.61752
-0.75455, 0.61752,-0.73966, 0.63241
-0.73966, 0.63241,-0.73552, 0.63655
-0.73552, 0.63655,-0.70817, 0.66390
-0.70817, 0.66390,-0.70844, 0.66473
-0.70844, 0.66473,-0.70952, 0.67155
-0.70952, 0.67155,-0.70952, 0.67845
-0.70952, 0.67845,-0.70844, 0.68527
-0.70844, 0.68527,-0.70631, 0.69184
-0.70631, 0.69184,-0.70317, 0.69799
-0.70317, 0.69799,-0.69911, 0.70358
-0.69911, 0.70358,-0.69423, 0.70846
-0.69423, 0.70846,-0.68864, 0.71252
-0.68864, 0.71252,-0.68249, 0.71566
-0.68249, 0.71566,-0.67592, 0.71779
-0.67592, 0.71779,-0.66910, 0.71887
-0.66910, 0.71887,-0.66220, 0.71887
-0.66220, 0.71887,-0.65538, 0.71779
-0.65538, 0.71779,-0.64881, 0.71566
-0.64881, 0.71566,-0.64266, 0.71252
-0.64266, 0.71252,-0.63707, 0.70846
-0.63707, 0.70846,-0.63219, 0.70358
-0.63219, 0.70358,-0.62813, 0.69799
-0.62813, 0.69799,-0.62499, 0.69184
-0.62499, 0.69184,-0.62286, 0.68527
-0.62286, 0.68527,-0.62178, 0.67845
-0.62178, 0.67845,-0.62178, 0.67155
-0.62178, 0.67155,-0.62286, 0.66473
-0.62286, 0.66473,-0.62499, 0.65816
-0.62499, 0.65816,-0.62813, 0.65201
-0.62813, 0.65201,-0.63219, 0.64642
-0.63219, 0.64642,-0.63707, 0.64154
-0.63707, 0.64154,-0.64266, 0.63748
-0.64266, 0.63748,-0.64881, 0.63434
-0.64881, 0.63434,-0.65538, 0.63221
-0.65538, 0.63221,-0.66220, 0.63113
-0.66220, 0.63113,-0.66910, 0.63113
-0.66910, 0.63113,-0.67592, 0.63221
-0.67592, 0.63221,-0.67675, 0.63248
-0.67675, 0.63248,-0.68423, 0.62500
-0.68423, 0.62500,-0.57675, 0.51752
-0.57675, 0.51752,-0.57592, 0.51779
-0.57592, 0.51779,-0.56910, 0.51887
-0.56910, 0.51887,-0.56220, 0.51887
-0.56220, 0.51887,-0.55538, 0.51779
-0.55538, 0.51779,-0.54881, 0.51566
-0.54881, 0.51566,-0.54266, 0.51252
-0.54266, 0.51252,-0.53707, 0.50846
# pass=2
# preview window width=800 height=600
-0.07837, 0.39316,-0.08381, 0.38772
-0.08381, 0.38772,-0.09004, 0.38320
-0.09004, 0.38320,-0.09689, 0.37971
-0.09689, 0.37971,-0.10421, 0.37733
-0.10421, 0.37733,-0.11180, 0.37613
-0.11180, 0.37613,-0.11950, 0.37613
-0.11950, 0.37613,-0.12709, 0.37733
-0.12709, 0.37733,-0.13441, 0.37971
-0.13441, 0.37971,-0.14126, 0.38320
-0.14126, 0.38320,-0.14749, 0.38772
-0.14749, 0.38772,-0.15293, 0.39316
-0.15293, 0.39316,-0.15745, 0.39939
-0.15745, 0.39939,-0.16094, 0.40624
-0.16094, 0.40624,-0.16332, 0.41356
-0.16332, 0.41356,-0.16452, 0.42115
-0.16452, 0.42115,-0.16452, 0.42885
-0.16452, 0.42885,-0.16332, 0.43644
-0.16332, 0.43644,-0.16094, 0.44376
-0.16094, 0.44376,-0.15843, 0.44869
-0.15843, 0.44869,-0.16297, 0.44778
-0.16297, 0.44778,-0.21678, 0.44778
-0.21678, 0.44778,-0.21678, 0.43374
-0.21678, 0.43374,-0.21823, 0.43025
-0.21823, 0.43025,-0.22090, 0.42758
-0.22090, 0.42758,-0.22439, 0.42613
-0.22439, 0.42613,-0.30691, 0.42613
-0.30691, 0.42613,-0.31040, 0.42758
-0.31040, 0.42758,-0.31307, 0.43025
-0.31307, 0.43025,-0.31452, 0.43374
-0.31452, 0.43374,-0.31452, 0.51626
-0.31452, 0.51626,-0.31307, 0.51975
-0.31307, 0.51975,-0.31040, 0.52242
-0.31040, 0.52242,-0.30691, 0.52387
-0.30691, 0.52387,-0.22439, 0.52387
-0.22439, 0.52387,-0.22090, 0.52242
-0.22090, 0.52242,-0.21823, 0.51975
-0.21823, 0.51975,-0.21678, 0.51626
-0.21678, 0.51626,-0.21678, 0.50222
-0.21678, 0.50222,-0.17692, 0.50222
-0.17692, 0.50222,-0.16363, 0.51551
-0.16363, 0.51551,-0.16452, 0.52115
-0.16452, 0.52115,-0.16452, 0.52885
-0.16452, 0.52885,-0.16332, 0.53644
-0.16332, 0.53644,-0.16094, 0.54376
-0.16094, 0.54376,-0.15745, 0.55061
-0.15745, 0.55061,-0.15293, 0.55684
-0.15293, 0.55684,-0.14749, 0.56228
-0.14749, 0.56228,-0.14126, 0.56680
-0.14126, 0.56680,-0.13441, 0.57029
-0.13441, 0.57029,-0.12709, 0.57267
-0.12709, 0.57267,-0.11950, 0.57387
-0.11950, 0.57387,-0.11180, 0.57387
-0.11180, 0.57387,-0.10421, 0.57267
-0.10421, 0.57267,-0.09689, 0.57029
-0.09689, 0.57029,-0.09004, 0.56680
-0.09004, 0.56680,-0.08381, 0.56228
-0.08381, 0.56228,-0.07837, 0.55684
-0.07837, 0.55684,-0.07385, 0.55061
-0.07385, 0.55061,-0.07036, 0.54376
-0.07036, 0.54376,-0.06798, 0.53644
-0.06798, 0.53644,-0.06678, 0.52885
-0.06678, 0.52885,-0.06678, 0.52115
-0.06678, 0.52115,-0.06798, 0.51356
-0.06798, 0.51356,-0.07036, 0.50624
-0.07036, 0.50624,-0.07385, 0.49939
-0.07385, 0.49939,-0.07837, 0.49316
-0.07837, 0.49316,-0.08381, 0.48772
-0.08381, 0.48772,-0.09004, 0.48320
-0.09004, 0.48320,-0.09689, 0.47971
-0.09689, 0.47971,-0.10421, 0.47733
-0.10421, 0.47733,-0.11180, 0.47613
-0.11180, 0.47613,-0.11950, 0.47613
-0.11950, 0.47613,-0.12514, 0.47702
-0.12514, 0.47702,-0.13065, 0.47151
-0.13065, 0.47151,-0.12709, 0.47267
-0.12709, 0.47267,-0.11950, 0.47387
-0.11950, 0.47387,-0.11180, 0.47387
-0.11180, 0.47387,-0.10421, 0.47267
-0.10421, 0.47267,-0.09689, 0.47029
-0.09689, 0.47029,-0.09004, 0.46680
-0.09004, 0.46680,-0.08381, 0.46228
-0.08381, 0.46228,-0.07837, 0.45684
-0.07837, 0.45684,-0.07385, 0.45061
-0.07385, 0.45061,-0.07036, 0.44376
-0.07036, 0.44376,-0.06798, 0.43644
-0.06798, 0.43644,-0.06678, 0.42885
-0.06678, 0.42885,-0.06678, 0.42115
-0.06678, 0.42115,-0.06798, 0.41356
-0.06798, 0.41356,-0.07036, 0.40624
-0.07036, 0.40624,-0.07385, 0.39939
-0.07385, 0.39939,-0.07837, 0.39316
-0.07837, 0.59316,-0.08381, 0.58772
-0.08381, 0.58772,-0.09004, 0.58320
-0.09004, 0.58320,-0.09689, 0.57971
-0.09689, 0.57971,-0.10421, 0.57733
-0.10421, 0.57733,-0.11180, 0.57613
-0.11180, 0.57613,-0.11950, 0.57613
-0.11950, 0.57613,-0.12709, 0.57733
-0.12709, 0.57733,-0.13441, 0.57971
-0.13441, 0.57971,-0.14126, 0.58320
-0.14126, 0.58320,-0.14749, 0.58772
-0.14749, 0.58772,-0.15293, 0.59316
-0.15293, 0.59316,-0.15628, 0.59778
-0.15628, 0.59778,-0.31833, 0.59778
-0.31833, 0.59778,-0.32359, 0.59883
-0.32359, 0.59883,-0.32854, 0.60088
-0.32854, 0.60088,-0.33300, 0.60386
-0.33300, 0.60386,-0.35616, 0.62702
-0.35616, 0.62702,-0.36180, 0.62613
-0.36180, 0.62613,-0.36950, 0.62613
-0.36950, 0.62613,-0.37709, 0.62733
-0.37709, 0.62733,-0.38441, 0.62971
-0.38441, 0.62971,-0.39126, 0.63320
-0.39126, 0.63320,-0.39749, 0.63772
-0.39749, 0.63772,-0.40293, 0.64316
-0.40293, 0.64316,-0.40745, 0.64939
-0.40745, 0.64939,-0.41094, 0.65624
-0.41094, 0.65624,-0.41332, 0.66356
-0.41332, 0.66356,-0.41452, 0.67115
-0.41452, 0.67115,-0.41452, 0.67885
-0.41452, 0.67885,-0.41332, 0.68644
-0.41332, 0.68644,-0.41094, 0.69376
-0.41094, 0.69376,-0.40745, 0.70061
-0.40745, 0.70061,-0.40293, 0.70684
-0.40293, 0.70684,-0.39749, 0.71228
-0.39749, 0.71228,-0.39126, 0.71680
-0.39126, 0.71680,-0.38441, 0.72029
-0.38441, 0.72029,-0.37709, 0.72267
-0.37709, 0.72267,-0.36950, 0.72387
-0.36950, 0.72387,-0.36180, 0.72387
-0.36180, 0.72387,-0.35421, 0.72267
-0.35421, 0.72267,-0.34689, 0.72029
-0.34689, 0.72029,-0.34004, 0.71680
-0.34004, 0.71680,-0.33381, 0.71228
-0.33381, 0.71228,-0.32837, 0.70684
-0.32837, 0.70684,-0.32385, 0.70061
-0.32385, 0.70061,-0.32036, 0.69376
-0.32036, 0.69376,-0.31798, 0.68644
-0.31798, 0.68644,-0.31678, 0.67885
-0.31678, 0.67885,-0.31678, 0.67115
-0.31678, 0.67115,-0.31767, 0.66551
-0.31767, 0.66551,-0.30438, 0.65222
-0.30438, 0.65222,-0.15628, 0.65222
-0.15628, 0.65222,-0.15293, 0.65684
-0.15293, 0.65684,-0.14749, 0.66228
-0.14749, 0.66228,-0.14126, 0.66680
-0.14126, 0.66680,-0.13441, 0.67029
-0.13441, 0.67029,-0.12709, 0.67267
-0.12709, 0.67267,-0.11950, 0.67387
-0.11950, 0.67387,-0.11180, 0.67387
-0.11180, 0.67387,-0.10421, 0.67267
-0.10421, 0.67267,-0.09689, 0.67029
-0.09689, 0.67029,-0.09004, 0.66680
-0.09004, 0.66680,-0.08381, 0.66228
-0.08381, 0.66228,-0.07837, 0.65684
-0.07837, 0.65684,-0.07385, 0.65061
-0.07385, 0.65061,-0.07036, 0.64376
-0.07036, 0.64376,-0.06798, 0.63644
-0.06798, 0.63644,-0.06678, 0.62885
-0.06678, 0.62885,-0.06678, 0.62115
-0.06678, 0.62115,-0.06798, 0.61356
-0.06798, 0.61356,-0.07036, 0.60624
-0.07036, 0.60624,-0.07385, 0.59939
-0.07385, 0.59939,-0.07837, 0.59316
# pass=3
# preview window width=800 height=600
-0.14377, 0.37887,-0.14388, 0.37893
-0.14388, 0.37893,-0.15074, 0.38391
-0.15074, 0.38391,-0.15674, 0.38991
-0.15674, 0.38991,-0.16172, 0.39677
-0.16172, 0.39677,-0.16557, 0.40432
-0.16557, 0.40432,-0.16819, 0.41239
-0.16819, 0.41239,-0.16952, 0.42076
-0.16952, 0.42076,-0.16952, 0.42924
-0.16952, 0.42924,-0.16819, 0.43761
-0.16819, 0.43761,-0.16651, 0.44278
-0.16651, 0.44278,-0.21178, 0.44278
-0.21178, 0.44278,-0.21178, 0.43372
-0.21178, 0.43372,-0.21277, 0.43003
-0.21277, 0.43003,-0.21468, 0.42673
-0.21468, 0.42673,-0.21738, 0.42403
-0.21738, 0.42403,-0.22068, 0.42212
-0.22068, 0.42212,-0.22437, 0.42113
-0.22437, 0.42113,-0.23753, 0.42113
-0.23753, 0.42113,-0.23742, 0.42107
-0.23742, 0.42107,-0.23056, 0.41609
-0.23056, 0.41609,-0.22456, 0.41009
-0.22456, 0.41009,-0.21958, 0.40323
-0.21958, 0.40323,-0.21573, 0.39568
-0.21573, 0.39568,-0.21311, 0.38761
-0.21311, 0.38761,-0.21178, 0.37924
-0.21178, 0.37924,-0.21178, 0.37076
-0.21178, 0.37076,-0.21234, 0.36725
-0.21234, 0.36725,-0.20230, 0.35722
-0.20230, 0.35722,-0.16952, 0.35722
-0.16952, 0.35722,-0.16952, 0.36628
-0.16952, 0.36628,-0.16853, 0.36997
-0.16853, 0.36997,-0.16662, 0.37327
-0.16662, 0.37327,-0.16392, 0.37597
-0.16392, 0.37597,-0.16062, 0.37788
-0.16062, 0.37788,-0.15693, 0.37887
-0.15693, 0.37887,-0.14377, 0.37887
-0.58609, 0.42500,-0.58633, 0.42508
-0.58633, 0.42508,-0.59388, 0.42893
-0.59388, 0.42893,-0.60074, 0.43391
-0.60074, 0.43391,-0.60674, 0.43991
-0.60674, 0.43991,-0.61172, 0.44677
-0.61172, 0.44677,-0.61557, 0.45432
-0.61557, 0.45432,-0.61819, 0.46239
-0.61819, 0.46239,-0.61952, 0.47076
-0.61952, 0.47076,-0.61952, 0.47924
-0.61952, 0.47924,-0.61896, 0.48275
-0.61896, 0.48275,-0.71178, 0.57557
-0.71178, 0.57557,-0.71178, 0.57076
-0.71178, 0.57076,-0.71311, 0.56239
-0.71311, 0.56239,-0.71573, 0.55432
-0.71573, 0.55432,-0.71958, 0.54677
-0.71958, 0.54677,-0.72456, 0.53991
-0.72456, 0.53991,-0.73056, 0.53391
-0.73056, 0.53391,-0.73742, 0.52893
-0.73742, 0.52893,-0.74497, 0.52508
-0.74497, 0.52508,-0.75303, 0.52246
-0.75303, 0.52246,-0.76141, 0.52113
-0.76141, 0.52113,-0.76989, 0.52113
-0.76989, 0.52113,-0.77826, 0.52246
-0.77826, 0.52246,-0.78633, 0.52508
-0.78633, 0.52508,-0.79388, 0.52893
-0.79388, 0.52893,-0.80074, 0.53391
-0.80074, 0.53391,-0.80674, 0.53991
-0.80674, 0.53991,-0.81002, 0.54442
-0.81002, 0.54442,-0.81002, 0.30558
-0.81002, 0.30558,-0.80674, 0.31009
-0.80674, 0.31009,-0.80074, 0.31609
-0.80074, 0.31609,-0.79388, 0.32107
-0.79388, 0.32107,-0.78633, 0.32492
-0.78633, 0.32492,-0.77826, 0.32754
-0.77826, 0.32754,-0.76989, 0.32887
-0.76989, 0.32887,-0.76141, 0.32887
-0.76141, 0.32887,-0.75790, 0.32831
-0.75790, 0.32831,-0.73993, 0.34628
-0.73993, 0.34628,-0.73993, 0.34628
-0.73993, 0.34628,-0.73755, 0.34867
-0.73755, 0.34867,-0.73544, 0.35077
-0.73544, 0.35077,-0.68619, 0.40002
-0.68619, 0.40002,-0.68091, 0.40355
-0.68091, 0.40355,-0.67505, 0.40598
-0.67505, 0.40598,-0.66882, 0.40722
-0.66882, 0.40722,-0.60883, 0.40722
-0.60883, 0.40722,-0.60674, 0.41009
-0.60674, 0.41009,-0.60074, 0.41609
-0.60074, 0.41609,-0.59388, 0.42107
-0.59388, 0.42107,-0.58633, 0.42492
-0.58633, 0.42492,-0.58609, 0.42500
# pass=4
# preview window width=800 height=600
-0.17452, 0.36222,-0.17452, 0.36694
-0.17452, 0.36694,-0.17319, 0.37190
-0.17319, 0.37190,-0.17062, 0.37634
-0.17062, 0.37634,-0.16699, 0.37997
-0.16699, 0.37997,-0.16255, 0.38254
-0.16255, 0.38254,-0.15773, 0.38383
-0.15773, 0.38383,-0.16055, 0.38665
-0.16055, 0.38665,-0.16600, 0.39415
-0.16600, 0.39415,-0.17021, 0.40240
-0.17021, 0.40240,-0.17307, 0.41121
-0.17307, 0.41121,-0.17452, 0.42037
-0.17452, 0.42037,-0.17452, 0.42963
-0.17452, 0.42963,-0.17323, 0.43778
-0.17323, 0.43778,-0.20678, 0.43778
-0.20678, 0.43778,-0.20678, 0.43306
-0.20678, 0.43306,-0.20811, 0.42810
-0.20811, 0.42810,-0.21068, 0.42366
-0.21068, 0.42366,-0.21431, 0.42003
-0.21431, 0.42003,-0.21875, 0.41746
-0.21875, 0.41746,-0.22356, 0.41617
-0.22356, 0.41617,-0.22075, 0.41335
-0.22075, 0.41335,-0.21530, 0.40585
-0.21530, 0.40585,-0.21109, 0.39760
-0.21109, 0.39760,-0.20823, 0.38879
-0.20823, 0.38879,-0.20678, 0.37963
-0.20678, 0.37963,-0.20678, 0.37037
-0.20678, 0.37037,-0.20700, 0.36898
-0.20700, 0.36898,-0.20023, 0.36222
-0.20023, 0.36222,-0.17452, 0.36222
-0.59699, 0.42500,-0.60400, 0.43010
-0.60400, 0.43010,-0.61055, 0.43665
-0.61055, 0.43665,-0.61600, 0.44415
-0.61600, 0.44415,-0.62021, 0.45240
-0.62021, 0.45240,-0.62307, 0.46121
-0.62307, 0.46121,-0.62452, 0.47037
-0.62452, 0.47037,-0.62452, 0.47963
-0.62452, 0.47963,-0.62430, 0.48102
-0.62430, 0.48102,-0.70772, 0.56444
-0.70772, 0.56444,-0.70823, 0.56121
-0.70823, 0.56121,-0.71109, 0.55240
-0.71109, 0.55240,-0.71530, 0.54415
-0.71530, 0.54415,-0.72075, 0.53665
-0.72075, 0.53665,-0.72730, 0.53010
-0.72730, 0.53010,-0.73479, 0.52465
-0.73479, 0.52465,-0.74305, 0.52044
-0.74305, 0.52044,-0.75186, 0.51758
-0.75186, 0.51758,-0.76102, 0.51613
-0.76102, 0.51613,-0.77028, 0.51613
-0.77028, 0.51613,-0.77944, 0.51758
-0.77944, 0.51758,-0.78825, 0.52044
-0.78825, 0.52044,-0.79650, 0.52465
-0.79650, 0.52465,-0.80400, 0.53010
-0.80400, 0.53010,-0.81002, 0.53612
-0.81002, 0.53612,-0.81002, 0.31388
-0.81002, 0.31388,-0.80400, 0.31990
-0.80400, 0.31990,-0.79650, 0.32535
-0.79650, 0.32535,-0.78825, 0.32956
-0.78825, 0.32956,-0.77944, 0.33242
-0.77944, 0.33242,-0.77028, 0.33387
-0.77028, 0.33387,-0.76102, 0.33387
-0.76102, 0.33387,-0.75963, 0.33365
-0.75963, 0.33365,-0.74381, 0.34947
-0.74381, 0.34947,-0.74381, 0.34947
-0.74381, 0.34947,-0.74106, 0.35222
-0.74106, 0.35222,-0.73863, 0.35465
-0.73863, 0.35465,-0.68937, 0.40391
-0.68937, 0.40391,-0.68328, 0.40798
-0.68328, 0.40798,-0.67651, 0.41079
-0.67651, 0.41079,-0.66932, 0.41222
-0.66932, 0.41222,-0.61138, 0.41222
-0.61138, 0.41222,-0.61055, 0.41335
-0.61055, 0.41335,-0.60400, 0.41990
-0.60400, 0.41990,-0.59699, 0.42500
# pass=5
# preview window width=800 height=600
-0.17943, 0.36722,-0.17858, 0.37152
-0.17858, 0.37152,-0.17673, 0.37598
-0.17673, 0.37598,-0.17405, 0.37999
-0.17405, 0.37999,-0.17064, 0.38340
-0.17064, 0.38340,-0.16662, 0.38608
-0.16662, 0.38608,-0.16637, 0.38619
-0.16637, 0.38619,-0.16887, 0.38944
-0.16887, 0.38944,-0.17306, 0.39669
-0.17306, 0.39669,-0.17626, 0.40443
-0.17626, 0.40443,-0.17843, 0.41251
-0.17843, 0.41251,-0.17952, 0.42081
-0.17952, 0.42081,-0.17952, 0.42919
-0.17952, 0.42919,-0.17905, 0.43278
-0.17905, 0.43278,-0.20187, 0.43278
-0.20187, 0.43278,-0.20272, 0.42848
-0.20272, 0.42848,-0.20457, 0.42402
-0.20457, 0.42402,-0.20725, 0.42001
-0.20725, 0.42001,-0.21066, 0.41660
-0.21066, 0.41660,-0.21467, 0.41392
-0.21467, 0.41392,-0.21493, 0.41381
-0.21493, 0.41381,-0.21243, 0.41056
-0.21243, 0.41056,-0.20824, 0.40331
-0.20824, 0.40331,-0.20504, 0.39557
-0.20504, 0.39557,-0.20287, 0.38749
-0.20287, 0.38749,-0.20178, 0.37919
-0.20178, 0.37919,-0.20178, 0.37083
-0.20178, 0.37083,-0.19816, 0.36722
-0.19816, 0.36722,-0.17943, 0.36722
-0.60541, 0.42500,-0.60785, 0.42688
-0.60785, 0.42688,-0.61377, 0.43280
-0.61377, 0.43280,-0.61887, 0.43944
-0.61887, 0.43944,-0.62306, 0.44669
-0.62306, 0.44669,-0.62626, 0.45443
-0.62626, 0.45443,-0.62843, 0.46251
-0.62843, 0.46251,-0.62952, 0.47081
-0.62952, 0.47081,-0.62952, 0.47917
-0.62952, 0.47917,-0.70498, 0.55463
-0.70498, 0.55463,-0.70504, 0.55443
-0.70504, 0.55443,-0.70824, 0.54669
-0.70824, 0.54669,-0.71243, 0.53944
-0.71243, 0.53944,-0.71753, 0.53280
-0.71753, 0.53280,-0.72345, 0.52688
-0.72345, 0.52688,-0.73009, 0.52178
-0.73009, 0.52178,-0.73734, 0.51759
-0.73734, 0.51759,-0.74508, 0.51439
-0.74508, 0.51439,-0.75316, 0.51222
-0.75316, 0.51222,-0.76146, 0.51113
-0.76146, 0.51113,-0.76984, 0.51113
-0.76984, 0.51113,-0.77814, 0.51222
-0.77814, 0.51222,-0.78622, 0.51439
-0.78622, 0.51439,-0.79396, 0.51759
-0.79396, 0.51759,-0.80121, 0.52178
-0.80121, 0.52178,-0.80785, 0.52688
-0.80785, 0.52688,-0.81002, 0.52904
-0.81002, 0.52904,-0.81002, 0.32096
-0.81002, 0.32096,-0.80785, 0.32312
-0.80785, 0.32312,-0.80121, 0.32822
-0.80121, 0.32822,-0.79396, 0.33241
-0.79396, 0.33241,-0.78622, 0.33561
-0.78622, 0.33561,-0.77814, 0.33778
-0.77814, 0.33778,-0.76984, 0.33887
-0.76984, 0.33887,-0.76148, 0.33887
-0.76148, 0.33887,-0.74711, 0.35325
-0.74711, 0.35325,-0.74711, 0.35325
-0.74711, 0.35325,-0.74241, 0.35795
-0.74241, 0.35795,-0.74241, 0.35795
-0.74241, 0.35795,-0.69315, 0.40720
-0.69315, 0.40720,-0.68778, 0.41111
-0.68778, 0.41111,-0.68186, 0.41412
-0.68186, 0.41412,-0.67554, 0.41618
-0.67554, 0.41618,-0.66897, 0.41722
-0.66897, 0.41722,-0.61376, 0.41722
-0.61376, 0.41722,-0.60785, 0.42312
-0.60785, 0.42312,-0.60541, 0.42500
# spot drills
-0.13337, 0.30728,-0.09793, 0.34272
-0.13337, 0.34272,-0.09793, 0.30728
-0.13337, 0.40728,-0.09793, 0.44272
-0.13337, 0.44272,-0.09793, 0.40728
-0.13337, 0.50728,-0.09793, 0.54272
-0.13337, 0.54272,-0.09793, 0.50728
-0.13337, 0.60728,-0.09793, 0.64272
-0.13337, 0.64272,-0.09793, 0.60728
-0.68337, 0.65728,-0.64793, 0.69272
-0.68337, 0.69272,-0.64793, 0.65728
-0.38337, 0.65728,-0.34793, 0.69272
-0.38337, 0.69272,-0.34793, 0.65728
-0.78337, 0.55728,-0.74793, 0.59272
-0.78337, 0.59272,-0.74793, 0.55728
-0.78337, 0.25728,-0.74793, 0.29272
-0.78337, 0.29272,-0.74793, 0.25728
-0.28337, 0.45728,-0.24793, 0.49272
-0.28337, 0.49272,-0.24793, 0.45728
-0.28337, 0.35728,-0.24793, 0.39272
-0.28337, 0.39272,-0.24793, 0.35728
-0.58337, 0.35728,-0.54793, 0.39272
-0.58337, 0.39272,-0.54793, 0.35728
-0.58337, 0.45728,-0.54793, 0.49272
-0.58337, 0.49272,-0.54793, 0.45728
